79874
100505549
100421845
379031
319111
9425
440836
100128022
100419762
171391
100130239
9529
1074
6625
100313968
100189250
9853
9002
652170
90070
100506248
197370
90826
9966
58485
139135
7044
100652731
137682
100190923
100271288
23564
641616
28417
6378
92797
3424
5645
339845
11041
1321
100653327
100129552
100652813
100507334
170526
100653048
100302719
55288
100507360
5862
6032
35
54987
80712
6193
731220
100507948
56479
100188827
647195
5638
100126336
100420263
26
5255
80831
100422954
100847069
8939
9084
5306
440275
112937
28327
10542
9857
100420369
544614
474200
645160
9326
493820
100419793
9382
642975
100420403
27033
400958
221935
100288615
2635
100129090
387357
126755
100133261
85379
79598
645326
84945
