13
10157
10257
29777
9744
414149
1636
340485
134526
123876
71
90
132612
8747
11086
8756
170692
113451
90956
22850
157
392636
155465
196
10598
9255
387851
122481
224
501
29880
79800
8092
9949
64682
150709
57101
8125
23520
306
8907
9582
80833
80832
10513
206338
382
10565
10139
9824
83478
79822
9912
50649
400
219681
407
414
55616
142689
51130
140460
55723
55870
55729
84239
537
528
540
571
7917
85319
599
604
83875
54880
222389
27319
330
359710
128859
10380
8019
26580
689
151888
11119
160140
57102
79794
374467
90381
84419
54785
83636
114904
148523
140894
55471
84830
